1111111111111111111111111111111111111111
1111111111111111111111111111111111111111
1111111111111111111111111111111111111111
1111111111111111111111111111111111111111
1111111111111111111111111111111111111111
1111111111111111111111111111111111111111
1111111111111111111113111111111111111111
1111111111111111111110111111111111111111
1111111111111111111110111111111111111111
1111111111111111111115111111111111111111
1111111111111111111110111111111111111111
1111111111111111111113111111111111111111
1111111111111111111112111111111111111111
1111111111111111111111111111111111111111
1111111111111111111111111111111111111111
1111111111111111111111111111111111111111
1111111111111111111111111111111111111111
1111111111111111111111111111111111111111
1111111111111111111111111111111111111111
1111111111111111111111111111111111111111
