1111111111111111111111111111111111111111
1111111111111111111111111111111111111111
1111111111111111111111111111111111111111
1111111111111111111111111111111111111111
1111111111111111111111111111111111111111
1111111111111111111111111111111111111111
1111111111111111111111111111111111111111
1111111111111111111111111111111111111111
1111111111111111111111111111111111111111
1111111111111111110013111111111111111111
1111111111111111111011111111111111111111
1111111111111111110111111111111111111111
1111111111111111135311111111111111111111
1111111111111108082850111111111111111111
1111111111111110111011111111111111111111
1111111111111111101111111111111111111111
1111111111111113500111111111111111111111
1111111111111111111111111111111111111111
1111111111111111111111111111111111111111
1111111111111111111111111111111111111111
