1111111111111111111111111111111111111111
1111111111111111111111111111111111111111
1111111111111111111111111111111111111111
1111111111111111111111111111111111111111
1111111111111111111111111111111111111111
1111111111110031111111111111111111111111
1111111111325001111111111111111111111111
1111111111110531111111111111111111111111
1111111111311501111111111111111111111111
1111111111010301111111111111111111111111
1111111111508553111111111111111111111111
1111111111000300111111111111111111111111
1111111111111111111111111111111111111111
1111111111111111111111111111111111111111
1111111111111111111111111111111111111111
1111111111111111111111111111111111111111
1111111111111111111111111111111111111111
1111111111111111111111111111111111111111
1111111111111111111111111111111111111111
1111111111111111111111111111111111111111
