1111111111111111111111111111111111111111
1111111111111111111111111111111111111111
1111111111111111111111111111111111111111
1111111111111111111111111111111111111111
1111111111111111111111111111111111111111
1111111111111111111111111111111111111111
1111111111111111111111111111111111111111
1111111111111111111111111111111111111111
1111111111111111111111111111111111111111
1111111111111111111113111111111111111111
1111111111111111111111111111111111111111
1111111111111111111135001111111111111111
1111111111111111111111101111111111111111
1111111111111111111110503111111111111111
1111111111111111111115111111111111111111
1111111111111111111110111111111111111111
1111111111111111111113503111111111111111
1111111111111111111111151111111111111111
1111111111111111111111101111111111111111
1111111111111111111382531111111111111111
